0 585
1 585
2 585
3 585
4 585
5 586
6 586
7 586
8 586
9 586
10 587
11 588
12 588
13 588
14 588
15 588
15 612
16 588
17 589
17 603
17 616
17 618
17 624
17 654
18 590
19 590
19 591
20 592
21 592
22 592
23 593
24 593
25 593
26 593
27 593
28 593
28 603
28 613
28 624
28 638
29 593
30 593
31 593
31 594
31 595
31 603
31 606
31 616
31 624
31 633
31 647
31 656
31 660
32 593
33 593
34 593
35 593
36 593
37 593
38 593
38 636
39 593
40 593
41 595
42 595
42 603
42 620
43 595
44 595
45 595
46 595
47 595
48 595
49 595
50 595
51 595
52 595
53 595
54 595
54 662
55 595
56 595
57 595
58 595
59 595
60 595
61 595
62 595
63 595
64 595
65 595
66 595
67 595
68 595
68 651
68 655
69 595
70 595
71 595
72 595
73 595
74 595
75 595
76 595
77 595
78 595
79 595
80 595
81 595
82 595
83 595
84 595
84 598
84 603
84 653
85 595
85 616
85 638
85 651
86 595
86 645
86 647
87 595
88 596
89 597
90 598
91 598
92 598
93 598
94 598
95 598
96 598
97 599
98 599
99 599
100 599
100 669
101 599
102 599
103 599
104 599
105 600
105 603
105 616
105 620
105 624
106 601
107 601
107 616
108 602
109 602
110 602
111 602
112 602
113 603
113 616
114 603
115 603
116 603
117 603
118 603
119 603
120 603
121 603
122 603
123 603
124 603
125 603
126 603
127 603
128 603
129 603
130 603
131 603
132 603
133 603
134 603
135 603
136 603
137 603
138 604
138 672
139 604
139 672
140 604
140 672
141 604
141 607
141 608
141 625
141 626
141 639
142 604
143 604
144 604
145 604
146 604
147 605
148 605
149 605
150 606
151 607
152 607
153 607
154 607
155 607
156 607
157 607
158 607
159 607
160 607
161 607
162 607
163 607
164 607
165 608
166 608
167 608
168 608
169 608
170 608
171 608
172 609
173 610
174 611
175 611
176 612
177 612
178 612
179 612
180 612
181 612
182 612
182 642
182 653
183 612
184 613
185 613
186 613
187 613
188 613
189 613
190 613
191 613
192 613
193 613
194 613
195 613
196 613
197 613
198 613
199 613
200 613
201 613
202 613
203 613
204 613
205 613
206 613
207 613
208 613
209 613
210 613
211 613
212 613
213 613
214 613
215 613
216 613
216 624
216 637
217 614
218 614
219 615
220 615
221 615
222 615
223 615
224 615
225 615
226 616
227 616
227 642
228 616
229 616
230 616
231 616
232 616
233 616
234 616
235 616
236 616
237 616
238 616
239 616
240 616
241 616
242 616
243 616
244 616
245 616
246 616
247 616
248 616
249 616
250 616
251 616
252 616
253 616
254 616
255 616
256 616
257 616
258 616
259 616
260 616
261 616
262 616
263 616
264 616
265 616
266 616
267 616
268 616
269 616
270 616
271 616
272 616
273 616
274 617
275 617
276 617
277 617
278 617
279 617
280 618
281 618
282 618
283 618
284 618
285 618
286 618
287 618
288 618
289 618
290 618
291 618
292 619
292 624
292 661
293 620
294 620
295 620
296 620
297 620
297 632
298 620
299 620
300 620
301 620
302 620
303 620
304 620
305 620
306 620
307 620
308 620
309 620
310 620
311 620
312 620
313 620
314 620
315 620
316 620
317 620
318 620
319 620
319 643
320 620
321 620
322 621
323 622
324 622
325 622
326 622
327 622
327 664
328 622
329 622
330 622
331 623
332 623
333 623
334 623
335 623
336 623
337 623
338 623
339 623
340 623
341 623
342 623
343 623
344 623
345 623
346 623
347 623
348 624
349 624
350 624
351 624
352 624
353 624
354 624
355 624
356 624
357 624
357 629
358 624
359 624
360 624
361 626
362 627
363 627
364 627
365 627
366 627
367 627
368 628
369 629
370 629
371 629
372 629
373 629
374 630
375 630
376 630
377 630
378 631
379 634
380 634
381 635
382 635
383 635
384 635
385 636
386 636
387 637
388 637
389 637
390 637
391 637
392 638
393 638
394 638
394 651
395 638
396 639
397 639
398 639
399 639
400 639
401 639
402 640
403 640
404 640
405 640
406 640
407 641
408 641
409 641
410 641
411 641
412 642
413 642
414 642
415 642
416 642
417 642
418 642
419 642
420 643
421 643
422 643
423 643
424 644
425 644
426 646
427 647
428 647
429 647
430 647
431 647
431 650
432 648
433 649
434 650
435 650
436 650
437 650
438 650
439 650
440 651
441 651
442 651
443 651
444 651
444 653
445 651
446 651
447 651
448 651
449 651
450 651
451 651
452 651
453 651
454 651
455 651
456 652
456 665
457 652
458 652
459 652
460 652
461 652
462 653
463 653
464 653
465 653
466 653
467 653
468 653
469 653
470 653
471 654
472 654
473 654
474 654
475 654
476 654
477 654
478 654
479 654
480 654
481 654
482 654
483 655
484 655
485 655
486 655
487 655
488 655
489 655
490 655
491 655
492 655
493 655
494 655
495 655
496 655
497 655
498 656
499 656
500 656
501 657
502 657
503 657
504 657
505 658
506 658
507 658
508 658
509 658
510 658
511 659
512 659
513 659
514 659
515 659
516 662
517 662
518 662
519 662
520 662
521 662
522 662
523 662
524 662
525 662
526 662
527 662
528 663
529 663
530 663
531 663
532 663
533 663
534 664
535 664
536 664
537 664
538 664
539 664
540 665
541 665
542 665
543 665
544 665
545 665
546 665
547 665
548 665
549 665
550 666
551 667
552 667
553 667
554 667
555 667
556 667
557 667
558 667
559 668
560 668
561 668
562 668
563 669
564 669
565 669
566 669
567 669
568 669
569 669
570 670
571 671
572 671
573 671
574 671
575 671
576 671
577 671
578 671
579 671
580 671
581 671
582 672
583 672
584 672
